   0.0000000e+00   8.1042500e-01   2.4312700e+00
   0.0000000e+00   8.1042500e-01   5.6729700e+00
   0.0000000e+00   8.1042500e-01   8.9146700e+00
   0.0000000e+00   8.1042500e-01   1.2156400e+01
   0.0000000e+00   2.4312700e+00   8.1042500e-01
   0.0000000e+00   2.4312700e+00   4.0521200e+00
   0.0000000e+00   2.4312700e+00   7.2938200e+00
   0.0000000e+00   2.4312700e+00   1.0535500e+01
   0.0000000e+00   4.0521200e+00   2.4312700e+00
   0.0000000e+00   4.0521200e+00   5.6729700e+00
   0.0000000e+00   4.0521200e+00   8.9146700e+00
   0.0000000e+00   4.0521200e+00   1.2156400e+01
   0.0000000e+00   5.6729700e+00   8.1042500e-01
   0.0000000e+00   5.6729700e+00   4.0521200e+00
   0.0000000e+00   5.6729700e+00   7.2938200e+00
   0.0000000e+00   5.6729700e+00   1.0535500e+01
   0.0000000e+00   7.2938200e+00   2.4312700e+00
   0.0000000e+00   7.2938200e+00   5.6729700e+00
   0.0000000e+00   7.2938200e+00   8.9146700e+00
   0.0000000e+00   7.2938200e+00   1.2156400e+01
   0.0000000e+00   8.9146700e+00   8.1042500e-01
   0.0000000e+00   8.9146700e+00   4.0521200e+00
   0.0000000e+00   8.9146700e+00   7.2938200e+00
   0.0000000e+00   8.9146700e+00   1.0535500e+01
   0.0000000e+00   1.0535500e+01   2.4312700e+00
   0.0000000e+00   1.0535500e+01   5.6729700e+00
   0.0000000e+00   1.0535500e+01   8.9146700e+00
   0.0000000e+00   1.0535500e+01   1.2156400e+01
   0.0000000e+00   1.2156400e+01   8.1042500e-01
   0.0000000e+00   1.2156400e+01   4.0521200e+00
   0.0000000e+00   1.2156400e+01   7.2938200e+00
   0.0000000e+00   1.2156400e+01   1.0535500e+01
   8.1042500e-01   0.0000000e+00   2.4312700e+00
   8.1042500e-01   0.0000000e+00   5.6729700e+00
   8.1042500e-01   0.0000000e+00   8.9146700e+00
   8.1042500e-01   0.0000000e+00   1.2156400e+01
   8.1042500e-01   1.6208500e+00   2.4312700e+00
   8.1042500e-01   1.6208500e+00   5.6729700e+00
   8.1042500e-01   1.6208500e+00   8.9146700e+00
   8.1042500e-01   1.6208500e+00   1.2156400e+01
   8.1042500e-01   2.4312700e+00   0.0000000e+00
   8.1042500e-01   2.4312700e+00   1.6208500e+00
   8.1042500e-01   2.4312700e+00   3.2417000e+00
   8.1042500e-01   2.4312700e+00   4.8625500e+00
   8.1042500e-01   2.4312700e+00   6.4834000e+00
   8.1042500e-01   2.4312700e+00   8.1042500e+00
   8.1042500e-01   2.4312700e+00   9.7251000e+00
   8.1042500e-01   2.4312700e+00   1.1345900e+01
   8.1042500e-01   3.2417000e+00   2.4312700e+00
   8.1042500e-01   3.2417000e+00   5.6729700e+00
   8.1042500e-01   3.2417000e+00   8.9146700e+00
   8.1042500e-01   3.2417000e+00   1.2156400e+01
   8.1042500e-01   4.8625500e+00   2.4312700e+00
   8.1042500e-01   4.8625500e+00   5.6729700e+00
   8.1042500e-01   4.8625500e+00   8.9146700e+00
   8.1042500e-01   4.8625500e+00   1.2156400e+01
   8.1042500e-01   5.6729700e+00   0.0000000e+00
   8.1042500e-01   5.6729700e+00   1.6208500e+00
   8.1042500e-01   5.6729700e+00   3.2417000e+00
   8.1042500e-01   5.6729700e+00   4.8625500e+00
   8.1042500e-01   5.6729700e+00   6.4834000e+00
   8.1042500e-01   5.6729700e+00   8.1042500e+00
   8.1042500e-01   5.6729700e+00   9.7251000e+00
   8.1042500e-01   5.6729700e+00   1.1345900e+01
   8.1042500e-01   6.4834000e+00   2.4312700e+00
   8.1042500e-01   6.4834000e+00   5.6729700e+00
   8.1042500e-01   6.4834000e+00   8.9146700e+00
   8.1042500e-01   6.4834000e+00   1.2156400e+01
   8.1042500e-01   8.1042500e+00   2.4312700e+00
   8.1042500e-01   8.1042500e+00   5.6729700e+00
   8.1042500e-01   8.1042500e+00   8.9146700e+00
   8.1042500e-01   8.1042500e+00   1.2156400e+01
   8.1042500e-01   8.9146700e+00   0.0000000e+00
   8.1042500e-01   8.9146700e+00   1.6208500e+00
   8.1042500e-01   8.9146700e+00   3.2417000e+00
   8.1042500e-01   8.9146700e+00   4.8625500e+00
   8.1042500e-01   8.9146700e+00   6.4834000e+00
   8.1042500e-01   8.9146700e+00   8.1042500e+00
   8.1042500e-01   8.9146700e+00   9.7251000e+00
   8.1042500e-01   8.9146700e+00   1.1345900e+01
   8.1042500e-01   9.7251000e+00   2.4312700e+00
   8.1042500e-01   9.7251000e+00   5.6729700e+00
   8.1042500e-01   9.7251000e+00   8.9146700e+00
   8.1042500e-01   9.7251000e+00   1.2156400e+01
   8.1042500e-01   1.1345900e+01   2.4312700e+00
   8.1042500e-01   1.1345900e+01   5.6729700e+00
   8.1042500e-01   1.1345900e+01   8.9146700e+00
   8.1042500e-01   1.1345900e+01   1.2156400e+01
   8.1042500e-01   1.2156400e+01   0.0000000e+00
   8.1042500e-01   1.2156400e+01   1.6208500e+00
   8.1042500e-01   1.2156400e+01   3.2417000e+00
   8.1042500e-01   1.2156400e+01   4.8625500e+00
   8.1042500e-01   1.2156400e+01   6.4834000e+00
   8.1042500e-01   1.2156400e+01   8.1042500e+00
   8.1042500e-01   1.2156400e+01   9.7251000e+00
   8.1042500e-01   1.2156400e+01   1.1345900e+01
   1.6208500e+00   8.1042500e-01   2.4312700e+00
   1.6208500e+00   8.1042500e-01   5.6729700e+00
   1.6208500e+00   8.1042500e-01   8.9146700e+00
   1.6208500e+00   8.1042500e-01   1.2156400e+01
   1.6208500e+00   2.4312700e+00   8.1042500e-01
   1.6208500e+00   2.4312700e+00   4.0521200e+00
   1.6208500e+00   2.4312700e+00   7.2938200e+00
   1.6208500e+00   2.4312700e+00   1.0535500e+01
   1.6208500e+00   4.0521200e+00   2.4312700e+00
   1.6208500e+00   4.0521200e+00   5.6729700e+00
   1.6208500e+00   4.0521200e+00   8.9146700e+00
   1.6208500e+00   4.0521200e+00   1.2156400e+01
   1.6208500e+00   5.6729700e+00   8.1042500e-01
   1.6208500e+00   5.6729700e+00   4.0521200e+00
   1.6208500e+00   5.6729700e+00   7.2938200e+00
   1.6208500e+00   5.6729700e+00   1.0535500e+01
   1.6208500e+00   7.2938200e+00   2.4312700e+00
   1.6208500e+00   7.2938200e+00   5.6729700e+00
   1.6208500e+00   7.2938200e+00   8.9146700e+00
   1.6208500e+00   7.2938200e+00   1.2156400e+01
   1.6208500e+00   8.9146700e+00   8.1042500e-01
   1.6208500e+00   8.9146700e+00   4.0521200e+00
   1.6208500e+00   8.9146700e+00   7.2938200e+00
   1.6208500e+00   8.9146700e+00   1.0535500e+01
   1.6208500e+00   1.0535500e+01   2.4312700e+00
   1.6208500e+00   1.0535500e+01   5.6729700e+00
   1.6208500e+00   1.0535500e+01   8.9146700e+00
   1.6208500e+00   1.0535500e+01   1.2156400e+01
   1.6208500e+00   1.2156400e+01   8.1042500e-01
   1.6208500e+00   1.2156400e+01   4.0521200e+00
   1.6208500e+00   1.2156400e+01   7.2938200e+00
   1.6208500e+00   1.2156400e+01   1.0535500e+01
   2.4312700e+00   0.0000000e+00   8.1042500e-01
   2.4312700e+00   0.0000000e+00   4.0521200e+00
   2.4312700e+00   0.0000000e+00   7.2938200e+00
   2.4312700e+00   0.0000000e+00   1.0535500e+01
   2.4312700e+00   8.1042500e-01   0.0000000e+00
   2.4312700e+00   8.1042500e-01   1.6208500e+00
   2.4312700e+00   8.1042500e-01   3.2417000e+00
   2.4312700e+00   8.1042500e-01   4.8625500e+00
   2.4312700e+00   8.1042500e-01   6.4834000e+00
   2.4312700e+00   8.1042500e-01   8.1042500e+00
   2.4312700e+00   8.1042500e-01   9.7251000e+00
   2.4312700e+00   8.1042500e-01   1.1345900e+01
   2.4312700e+00   1.6208500e+00   8.1042500e-01
   2.4312700e+00   1.6208500e+00   4.0521200e+00
   2.4312700e+00   1.6208500e+00   7.2938200e+00
   2.4312700e+00   1.6208500e+00   1.0535500e+01
   2.4312700e+00   3.2417000e+00   8.1042500e-01
   2.4312700e+00   3.2417000e+00   4.0521200e+00
   2.4312700e+00   3.2417000e+00   7.2938200e+00
   2.4312700e+00   3.2417000e+00   1.0535500e+01
   2.4312700e+00   4.0521200e+00   0.0000000e+00
   2.4312700e+00   4.0521200e+00   1.6208500e+00
   2.4312700e+00   4.0521200e+00   3.2417000e+00
   2.4312700e+00   4.0521200e+00   4.8625500e+00
   2.4312700e+00   4.0521200e+00   6.4834000e+00
   2.4312700e+00   4.0521200e+00   8.1042500e+00
   2.4312700e+00   4.0521200e+00   9.7251000e+00
   2.4312700e+00   4.0521200e+00   1.1345900e+01
   2.4312700e+00   4.8625500e+00   8.1042500e-01
   2.4312700e+00   4.8625500e+00   4.0521200e+00
   2.4312700e+00   4.8625500e+00   7.2938200e+00
   2.4312700e+00   4.8625500e+00   1.0535500e+01
   2.4312700e+00   6.4834000e+00   8.1042500e-01
   2.4312700e+00   6.4834000e+00   4.0521200e+00
   2.4312700e+00   6.4834000e+00   7.2938200e+00
   2.4312700e+00   6.4834000e+00   1.0535500e+01
   2.4312700e+00   7.2938200e+00   0.0000000e+00
   2.4312700e+00   7.2938200e+00   1.6208500e+00
   2.4312700e+00   7.2938200e+00   3.2417000e+00
   2.4312700e+00   7.2938200e+00   4.8625500e+00
   2.4312700e+00   7.2938200e+00   6.4834000e+00
   2.4312700e+00   7.2938200e+00   8.1042500e+00
   2.4312700e+00   7.2938200e+00   9.7251000e+00
   2.4312700e+00   7.2938200e+00   1.1345900e+01
   2.4312700e+00   8.1042500e+00   8.1042500e-01
   2.4312700e+00   8.1042500e+00   4.0521200e+00
   2.4312700e+00   8.1042500e+00   7.2938200e+00
   2.4312700e+00   8.1042500e+00   1.0535500e+01
   2.4312700e+00   9.7251000e+00   8.1042500e-01
   2.4312700e+00   9.7251000e+00   4.0521200e+00
   2.4312700e+00   9.7251000e+00   7.2938200e+00
   2.4312700e+00   9.7251000e+00   1.0535500e+01
   2.4312700e+00   1.0535500e+01   0.0000000e+00
   2.4312700e+00   1.0535500e+01   1.6208500e+00
   2.4312700e+00   1.0535500e+01   3.2417000e+00
   2.4312700e+00   1.0535500e+01   4.8625500e+00
   2.4312700e+00   1.0535500e+01   6.4834000e+00
   2.4312700e+00   1.0535500e+01   8.1042500e+00
   2.4312700e+00   1.0535500e+01   9.7251000e+00
   2.4312700e+00   1.0535500e+01   1.1345900e+01
   2.4312700e+00   1.1345900e+01   8.1042500e-01
   2.4312700e+00   1.1345900e+01   4.0521200e+00
   2.4312700e+00   1.1345900e+01   7.2938200e+00
   2.4312700e+00   1.1345900e+01   1.0535500e+01
   3.2417000e+00   8.1042500e-01   2.4312700e+00
   3.2417000e+00   8.1042500e-01   5.6729700e+00
   3.2417000e+00   8.1042500e-01   8.9146700e+00
   3.2417000e+00   8.1042500e-01   1.2156400e+01
   3.2417000e+00   2.4312700e+00   8.1042500e-01
   3.2417000e+00   2.4312700e+00   4.0521200e+00
   3.2417000e+00   2.4312700e+00   7.2938200e+00
   3.2417000e+00   2.4312700e+00   1.0535500e+01
   3.2417000e+00   4.0521200e+00   2.4312700e+00
   3.2417000e+00   4.0521200e+00   5.6729700e+00
   3.2417000e+00   4.0521200e+00   8.9146700e+00
   3.2417000e+00   4.0521200e+00   1.2156400e+01
   3.2417000e+00   5.6729700e+00   8.1042500e-01
   3.2417000e+00   5.6729700e+00   4.0521200e+00
   3.2417000e+00   5.6729700e+00   7.2938200e+00
   3.2417000e+00   5.6729700e+00   1.0535500e+01
   3.2417000e+00   7.2938200e+00   2.4312700e+00
   3.2417000e+00   7.2938200e+00   5.6729700e+00
   3.2417000e+00   7.2938200e+00   8.9146700e+00
   3.2417000e+00   7.2938200e+00   1.2156400e+01
   3.2417000e+00   8.9146700e+00   8.1042500e-01
   3.2417000e+00   8.9146700e+00   4.0521200e+00
   3.2417000e+00   8.9146700e+00   7.2938200e+00
   3.2417000e+00   8.9146700e+00   1.0535500e+01
   3.2417000e+00   1.0535500e+01   2.4312700e+00
   3.2417000e+00   1.0535500e+01   5.6729700e+00
   3.2417000e+00   1.0535500e+01   8.9146700e+00
   3.2417000e+00   1.0535500e+01   1.2156400e+01
   3.2417000e+00   1.2156400e+01   8.1042500e-01
   3.2417000e+00   1.2156400e+01   4.0521200e+00
   3.2417000e+00   1.2156400e+01   7.2938200e+00
   3.2417000e+00   1.2156400e+01   1.0535500e+01
   4.0521200e+00   0.0000000e+00   2.4312700e+00
   4.0521200e+00   0.0000000e+00   5.6729700e+00
   4.0521200e+00   0.0000000e+00   8.9146700e+00
   4.0521200e+00   0.0000000e+00   1.2156400e+01
   4.0521200e+00   1.6208500e+00   2.4312700e+00
   4.0521200e+00   1.6208500e+00   5.6729700e+00
   4.0521200e+00   1.6208500e+00   8.9146700e+00
   4.0521200e+00   1.6208500e+00   1.2156400e+01
   4.0521200e+00   2.4312700e+00   0.0000000e+00
   4.0521200e+00   2.4312700e+00   1.6208500e+00
   4.0521200e+00   2.4312700e+00   3.2417000e+00
   4.0521200e+00   2.4312700e+00   4.8625500e+00
   4.0521200e+00   2.4312700e+00   6.4834000e+00
   4.0521200e+00   2.4312700e+00   8.1042500e+00
   4.0521200e+00   2.4312700e+00   9.7251000e+00
   4.0521200e+00   2.4312700e+00   1.1345900e+01
   4.0521200e+00   3.2417000e+00   2.4312700e+00
   4.0521200e+00   3.2417000e+00   5.6729700e+00
   4.0521200e+00   3.2417000e+00   8.9146700e+00
   4.0521200e+00   3.2417000e+00   1.2156400e+01
   4.0521200e+00   4.8625500e+00   2.4312700e+00
   4.0521200e+00   4.8625500e+00   5.6729700e+00
   4.0521200e+00   4.8625500e+00   8.9146700e+00
   4.0521200e+00   4.8625500e+00   1.2156400e+01
   4.0521200e+00   5.6729700e+00   0.0000000e+00
   4.0521200e+00   5.6729700e+00   1.6208500e+00
   4.0521200e+00   5.6729700e+00   3.2417000e+00
   4.0521200e+00   5.6729700e+00   4.8625500e+00
   4.0521200e+00   5.6729700e+00   6.4834000e+00
   4.0521200e+00   5.6729700e+00   8.1042500e+00
   4.0521200e+00   5.6729700e+00   9.7251000e+00
   4.0521200e+00   5.6729700e+00   1.1345900e+01
   4.0521200e+00   6.4834000e+00   2.4312700e+00
   4.0521200e+00   6.4834000e+00   5.6729700e+00
   4.0521200e+00   6.4834000e+00   8.9146700e+00
   4.0521200e+00   6.4834000e+00   1.2156400e+01
   4.0521200e+00   8.1042500e+00   2.4312700e+00
   4.0521200e+00   8.1042500e+00   5.6729700e+00
   4.0521200e+00   8.1042500e+00   8.9146700e+00
   4.0521200e+00   8.1042500e+00   1.2156400e+01
   4.0521200e+00   8.9146700e+00   0.0000000e+00
   4.0521200e+00   8.9146700e+00   1.6208500e+00
   4.0521200e+00   8.9146700e+00   3.2417000e+00
   4.0521200e+00   8.9146700e+00   4.8625500e+00
   4.0521200e+00   8.9146700e+00   6.4834000e+00
   4.0521200e+00   8.9146700e+00   8.1042500e+00
   4.0521200e+00   8.9146700e+00   9.7251000e+00
   4.0521200e+00   8.9146700e+00   1.1345900e+01
   4.0521200e+00   9.7251000e+00   2.4312700e+00
   4.0521200e+00   9.7251000e+00   5.6729700e+00
   4.0521200e+00   9.7251000e+00   8.9146700e+00
   4.0521200e+00   9.7251000e+00   1.2156400e+01
   4.0521200e+00   1.1345900e+01   2.4312700e+00
   4.0521200e+00   1.1345900e+01   5.6729700e+00
   4.0521200e+00   1.1345900e+01   8.9146700e+00
   4.0521200e+00   1.1345900e+01   1.2156400e+01
   4.0521200e+00   1.2156400e+01   0.0000000e+00
   4.0521200e+00   1.2156400e+01   1.6208500e+00
   4.0521200e+00   1.2156400e+01   3.2417000e+00
   4.0521200e+00   1.2156400e+01   4.8625500e+00
   4.0521200e+00   1.2156400e+01   6.4834000e+00
   4.0521200e+00   1.2156400e+01   8.1042500e+00
   4.0521200e+00   1.2156400e+01   9.7251000e+00
   4.0521200e+00   1.2156400e+01   1.1345900e+01
   4.8625500e+00   8.1042500e-01   2.4312700e+00
   4.8625500e+00   8.1042500e-01   5.6729700e+00
   4.8625500e+00   8.1042500e-01   8.9146700e+00
   4.8625500e+00   8.1042500e-01   1.2156400e+01
   4.8625500e+00   2.4312700e+00   8.1042500e-01
   4.8625500e+00   2.4312700e+00   4.0521200e+00
   4.8625500e+00   2.4312700e+00   7.2938200e+00
   4.8625500e+00   2.4312700e+00   1.0535500e+01
   4.8625500e+00   4.0521200e+00   2.4312700e+00
   4.8625500e+00   4.0521200e+00   5.6729700e+00
   4.8625500e+00   4.0521200e+00   8.9146700e+00
   4.8625500e+00   4.0521200e+00   1.2156400e+01
   4.8625500e+00   5.6729700e+00   8.1042500e-01
   4.8625500e+00   5.6729700e+00   4.0521200e+00
   4.8625500e+00   5.6729700e+00   7.2938200e+00
   4.8625500e+00   5.6729700e+00   1.0535500e+01
   4.8625500e+00   7.2938200e+00   2.4312700e+00
   4.8625500e+00   7.2938200e+00   5.6729700e+00
   4.8625500e+00   7.2938200e+00   8.9146700e+00
   4.8625500e+00   7.2938200e+00   1.2156400e+01
   4.8625500e+00   8.9146700e+00   8.1042500e-01
   4.8625500e+00   8.9146700e+00   4.0521200e+00
   4.8625500e+00   8.9146700e+00   7.2938200e+00
   4.8625500e+00   8.9146700e+00   1.0535500e+01
   4.8625500e+00   1.0535500e+01   2.4312700e+00
   4.8625500e+00   1.0535500e+01   5.6729700e+00
   4.8625500e+00   1.0535500e+01   8.9146700e+00
   4.8625500e+00   1.0535500e+01   1.2156400e+01
   4.8625500e+00   1.2156400e+01   8.1042500e-01
   4.8625500e+00   1.2156400e+01   4.0521200e+00
   4.8625500e+00   1.2156400e+01   7.2938200e+00
   4.8625500e+00   1.2156400e+01   1.0535500e+01
   5.6729700e+00   0.0000000e+00   8.1042500e-01
   5.6729700e+00   0.0000000e+00   4.0521200e+00
   5.6729700e+00   0.0000000e+00   7.2938200e+00
   5.6729700e+00   0.0000000e+00   1.0535500e+01
   5.6729700e+00   8.1042500e-01   0.0000000e+00
   5.6729700e+00   8.1042500e-01   1.6208500e+00
   5.6729700e+00   8.1042500e-01   3.2417000e+00
   5.6729700e+00   8.1042500e-01   4.8625500e+00
   5.6729700e+00   8.1042500e-01   6.4834000e+00
   5.6729700e+00   8.1042500e-01   8.1042500e+00
   5.6729700e+00   8.1042500e-01   9.7251000e+00
   5.6729700e+00   8.1042500e-01   1.1345900e+01
   5.6729700e+00   1.6208500e+00   8.1042500e-01
   5.6729700e+00   1.6208500e+00   4.0521200e+00
   5.6729700e+00   1.6208500e+00   7.2938200e+00
   5.6729700e+00   1.6208500e+00   1.0535500e+01
   5.6729700e+00   3.2417000e+00   8.1042500e-01
   5.6729700e+00   3.2417000e+00   4.0521200e+00
   5.6729700e+00   3.2417000e+00   7.2938200e+00
   5.6729700e+00   3.2417000e+00   1.0535500e+01
   5.6729700e+00   4.0521200e+00   0.0000000e+00
   5.6729700e+00   4.0521200e+00   1.6208500e+00
   5.6729700e+00   4.0521200e+00   3.2417000e+00
   5.6729700e+00   4.0521200e+00   4.8625500e+00
   5.6729700e+00   4.0521200e+00   6.4834000e+00
   5.6729700e+00   4.0521200e+00   8.1042500e+00
   5.6729700e+00   4.0521200e+00   9.7251000e+00
   5.6729700e+00   4.0521200e+00   1.1345900e+01
   5.6729700e+00   4.8625500e+00   8.1042500e-01
   5.6729700e+00   4.8625500e+00   4.0521200e+00
   5.6729700e+00   4.8625500e+00   7.2938200e+00
   5.6729700e+00   4.8625500e+00   1.0535500e+01
   5.6729700e+00   6.4834000e+00   8.1042500e-01
   5.6729700e+00   6.4834000e+00   4.0521200e+00
   5.6729700e+00   6.4834000e+00   7.2938200e+00
   5.6729700e+00   6.4834000e+00   1.0535500e+01
   5.6729700e+00   7.2938200e+00   0.0000000e+00
   5.6729700e+00   7.2938200e+00   1.6208500e+00
   5.6729700e+00   7.2938200e+00   3.2417000e+00
   5.6729700e+00   7.2938200e+00   4.8625500e+00
   5.6729700e+00   7.2938200e+00   6.4834000e+00
   5.6729700e+00   7.2938200e+00   8.1042500e+00
   5.6729700e+00   7.2938200e+00   9.7251000e+00
   5.6729700e+00   7.2938200e+00   1.1345900e+01
   5.6729700e+00   8.1042500e+00   8.1042500e-01
   5.6729700e+00   8.1042500e+00   4.0521200e+00
   5.6729700e+00   8.1042500e+00   7.2938200e+00
   5.6729700e+00   8.1042500e+00   1.0535500e+01
   5.6729700e+00   9.7251000e+00   8.1042500e-01
   5.6729700e+00   9.7251000e+00   4.0521200e+00
   5.6729700e+00   9.7251000e+00   7.2938200e+00
   5.6729700e+00   9.7251000e+00   1.0535500e+01
   5.6729700e+00   1.0535500e+01   0.0000000e+00
   5.6729700e+00   1.0535500e+01   1.6208500e+00
   5.6729700e+00   1.0535500e+01   3.2417000e+00
   5.6729700e+00   1.0535500e+01   4.8625500e+00
   5.6729700e+00   1.0535500e+01   6.4834000e+00
   5.6729700e+00   1.0535500e+01   8.1042500e+00
   5.6729700e+00   1.0535500e+01   9.7251000e+00
   5.6729700e+00   1.0535500e+01   1.1345900e+01
   5.6729700e+00   1.1345900e+01   8.1042500e-01
   5.6729700e+00   1.1345900e+01   4.0521200e+00
   5.6729700e+00   1.1345900e+01   7.2938200e+00
   5.6729700e+00   1.1345900e+01   1.0535500e+01
   6.4834000e+00   8.1042500e-01   2.4312700e+00
   6.4834000e+00   8.1042500e-01   5.6729700e+00
   6.4834000e+00   8.1042500e-01   8.9146700e+00
   6.4834000e+00   8.1042500e-01   1.2156400e+01
   6.4834000e+00   2.4312700e+00   8.1042500e-01
   6.4834000e+00   2.4312700e+00   4.0521200e+00
   6.4834000e+00   2.4312700e+00   7.2938200e+00
   6.4834000e+00   2.4312700e+00   1.0535500e+01
   6.4834000e+00   4.0521200e+00   2.4312700e+00
   6.4834000e+00   4.0521200e+00   5.6729700e+00
   6.4834000e+00   4.0521200e+00   8.9146700e+00
   6.4834000e+00   4.0521200e+00   1.2156400e+01
   6.4834000e+00   5.6729700e+00   8.1042500e-01
   6.4834000e+00   5.6729700e+00   4.0521200e+00
   6.4834000e+00   5.6729700e+00   7.2938200e+00
   6.4834000e+00   5.6729700e+00   1.0535500e+01
   6.4834000e+00   7.2938200e+00   2.4312700e+00
   6.4834000e+00   7.2938200e+00   5.6729700e+00
   6.4834000e+00   7.2938200e+00   8.9146700e+00
   6.4834000e+00   7.2938200e+00   1.2156400e+01
   6.4834000e+00   8.9146700e+00   8.1042500e-01
   6.4834000e+00   8.9146700e+00   4.0521200e+00
   6.4834000e+00   8.9146700e+00   7.2938200e+00
   6.4834000e+00   8.9146700e+00   1.0535500e+01
   6.4834000e+00   1.0535500e+01   2.4312700e+00
   6.4834000e+00   1.0535500e+01   5.6729700e+00
   6.4834000e+00   1.0535500e+01   8.9146700e+00
   6.4834000e+00   1.0535500e+01   1.2156400e+01
   6.4834000e+00   1.2156400e+01   8.1042500e-01
   6.4834000e+00   1.2156400e+01   4.0521200e+00
   6.4834000e+00   1.2156400e+01   7.2938200e+00
   6.4834000e+00   1.2156400e+01   1.0535500e+01
   7.2938200e+00   0.0000000e+00   2.4312700e+00
   7.2938200e+00   0.0000000e+00   5.6729700e+00
   7.2938200e+00   0.0000000e+00   8.9146700e+00
   7.2938200e+00   0.0000000e+00   1.2156400e+01
   7.2938200e+00   1.6208500e+00   2.4312700e+00
   7.2938200e+00   1.6208500e+00   5.6729700e+00
   7.2938200e+00   1.6208500e+00   8.9146700e+00
   7.2938200e+00   1.6208500e+00   1.2156400e+01
   7.2938200e+00   2.4312700e+00   0.0000000e+00
   7.2938200e+00   2.4312700e+00   1.6208500e+00
   7.2938200e+00   2.4312700e+00   3.2417000e+00
   7.2938200e+00   2.4312700e+00   4.8625500e+00
   7.2938200e+00   2.4312700e+00   6.4834000e+00
   7.2938200e+00   2.4312700e+00   8.1042500e+00
   7.2938200e+00   2.4312700e+00   9.7251000e+00
   7.2938200e+00   2.4312700e+00   1.1345900e+01
   7.2938200e+00   3.2417000e+00   2.4312700e+00
   7.2938200e+00   3.2417000e+00   5.6729700e+00
   7.2938200e+00   3.2417000e+00   8.9146700e+00
   7.2938200e+00   3.2417000e+00   1.2156400e+01
   7.2938200e+00   4.8625500e+00   2.4312700e+00
   7.2938200e+00   4.8625500e+00   5.6729700e+00
   7.2938200e+00   4.8625500e+00   8.9146700e+00
   7.2938200e+00   4.8625500e+00   1.2156400e+01
   7.2938200e+00   5.6729700e+00   0.0000000e+00
   7.2938200e+00   5.6729700e+00   1.6208500e+00
   7.2938200e+00   5.6729700e+00   3.2417000e+00
   7.2938200e+00   5.6729700e+00   4.8625500e+00
   7.2938200e+00   5.6729700e+00   6.4834000e+00
   7.2938200e+00   5.6729700e+00   8.1042500e+00
   7.2938200e+00   5.6729700e+00   9.7251000e+00
   7.2938200e+00   5.6729700e+00   1.1345900e+01
   7.2938200e+00   6.4834000e+00   2.4312700e+00
   7.2938200e+00   6.4834000e+00   5.6729700e+00
   7.2938200e+00   6.4834000e+00   8.9146700e+00
   7.2938200e+00   6.4834000e+00   1.2156400e+01
   7.2938200e+00   8.1042500e+00   2.4312700e+00
   7.2938200e+00   8.1042500e+00   5.6729700e+00
   7.2938200e+00   8.1042500e+00   8.9146700e+00
   7.2938200e+00   8.1042500e+00   1.2156400e+01
   7.2938200e+00   8.9146700e+00   0.0000000e+00
   7.2938200e+00   8.9146700e+00   1.6208500e+00
   7.2938200e+00   8.9146700e+00   3.2417000e+00
   7.2938200e+00   8.9146700e+00   4.8625500e+00
   7.2938200e+00   8.9146700e+00   6.4834000e+00
   7.2938200e+00   8.9146700e+00   8.1042500e+00
   7.2938200e+00   8.9146700e+00   9.7251000e+00
   7.2938200e+00   8.9146700e+00   1.1345900e+01
   7.2938200e+00   9.7251000e+00   2.4312700e+00
   7.2938200e+00   9.7251000e+00   5.6729700e+00
   7.2938200e+00   9.7251000e+00   8.9146700e+00
   7.2938200e+00   9.7251000e+00   1.2156400e+01
   7.2938200e+00   1.1345900e+01   2.4312700e+00
   7.2938200e+00   1.1345900e+01   5.6729700e+00
   7.2938200e+00   1.1345900e+01   8.9146700e+00
   7.2938200e+00   1.1345900e+01   1.2156400e+01
   7.2938200e+00   1.2156400e+01   0.0000000e+00
   7.2938200e+00   1.2156400e+01   1.6208500e+00
   7.2938200e+00   1.2156400e+01   3.2417000e+00
   7.2938200e+00   1.2156400e+01   4.8625500e+00
   7.2938200e+00   1.2156400e+01   6.4834000e+00
   7.2938200e+00   1.2156400e+01   8.1042500e+00
   7.2938200e+00   1.2156400e+01   9.7251000e+00
   7.2938200e+00   1.2156400e+01   1.1345900e+01
   8.1042500e+00   8.1042500e-01   2.4312700e+00
   8.1042500e+00   8.1042500e-01   5.6729700e+00
   8.1042500e+00   8.1042500e-01   8.9146700e+00
   8.1042500e+00   8.1042500e-01   1.2156400e+01
   8.1042500e+00   2.4312700e+00   8.1042500e-01
   8.1042500e+00   2.4312700e+00   4.0521200e+00
   8.1042500e+00   2.4312700e+00   7.2938200e+00
   8.1042500e+00   2.4312700e+00   1.0535500e+01
   8.1042500e+00   4.0521200e+00   2.4312700e+00
   8.1042500e+00   4.0521200e+00   5.6729700e+00
   8.1042500e+00   4.0521200e+00   8.9146700e+00
   8.1042500e+00   4.0521200e+00   1.2156400e+01
   8.1042500e+00   5.6729700e+00   8.1042500e-01
   8.1042500e+00   5.6729700e+00   4.0521200e+00
   8.1042500e+00   5.6729700e+00   7.2938200e+00
   8.1042500e+00   5.6729700e+00   1.0535500e+01
   8.1042500e+00   7.2938200e+00   2.4312700e+00
   8.1042500e+00   7.2938200e+00   5.6729700e+00
   8.1042500e+00   7.2938200e+00   8.9146700e+00
   8.1042500e+00   7.2938200e+00   1.2156400e+01
   8.1042500e+00   8.9146700e+00   8.1042500e-01
   8.1042500e+00   8.9146700e+00   4.0521200e+00
   8.1042500e+00   8.9146700e+00   7.2938200e+00
   8.1042500e+00   8.9146700e+00   1.0535500e+01
   8.1042500e+00   1.0535500e+01   2.4312700e+00
   8.1042500e+00   1.0535500e+01   5.6729700e+00
   8.1042500e+00   1.0535500e+01   8.9146700e+00
   8.1042500e+00   1.0535500e+01   1.2156400e+01
   8.1042500e+00   1.2156400e+01   8.1042500e-01
   8.1042500e+00   1.2156400e+01   4.0521200e+00
   8.1042500e+00   1.2156400e+01   7.2938200e+00
   8.1042500e+00   1.2156400e+01   1.0535500e+01
   8.9146700e+00   0.0000000e+00   8.1042500e-01
   8.9146700e+00   0.0000000e+00   4.0521200e+00
   8.9146700e+00   0.0000000e+00   7.2938200e+00
   8.9146700e+00   0.0000000e+00   1.0535500e+01
   8.9146700e+00   8.1042500e-01   0.0000000e+00
   8.9146700e+00   8.1042500e-01   1.6208500e+00
   8.9146700e+00   8.1042500e-01   3.2417000e+00
   8.9146700e+00   8.1042500e-01   4.8625500e+00
   8.9146700e+00   8.1042500e-01   6.4834000e+00
   8.9146700e+00   8.1042500e-01   8.1042500e+00
   8.9146700e+00   8.1042500e-01   9.7251000e+00
   8.9146700e+00   8.1042500e-01   1.1345900e+01
   8.9146700e+00   1.6208500e+00   8.1042500e-01
   8.9146700e+00   1.6208500e+00   4.0521200e+00
   8.9146700e+00   1.6208500e+00   7.2938200e+00
   8.9146700e+00   1.6208500e+00   1.0535500e+01
   8.9146700e+00   3.2417000e+00   8.1042500e-01
   8.9146700e+00   3.2417000e+00   4.0521200e+00
   8.9146700e+00   3.2417000e+00   7.2938200e+00
   8.9146700e+00   3.2417000e+00   1.0535500e+01
   8.9146700e+00   4.0521200e+00   0.0000000e+00
   8.9146700e+00   4.0521200e+00   1.6208500e+00
   8.9146700e+00   4.0521200e+00   3.2417000e+00
   8.9146700e+00   4.0521200e+00   4.8625500e+00
   8.9146700e+00   4.0521200e+00   6.4834000e+00
   8.9146700e+00   4.0521200e+00   8.1042500e+00
   8.9146700e+00   4.0521200e+00   9.7251000e+00
   8.9146700e+00   4.0521200e+00   1.1345900e+01
   8.9146700e+00   4.8625500e+00   8.1042500e-01
   8.9146700e+00   4.8625500e+00   4.0521200e+00
   8.9146700e+00   4.8625500e+00   7.2938200e+00
   8.9146700e+00   4.8625500e+00   1.0535500e+01
   8.9146700e+00   6.4834000e+00   8.1042500e-01
   8.9146700e+00   6.4834000e+00   4.0521200e+00
   8.9146700e+00   6.4834000e+00   7.2938200e+00
   8.9146700e+00   6.4834000e+00   1.0535500e+01
   8.9146700e+00   7.2938200e+00   0.0000000e+00
   8.9146700e+00   7.2938200e+00   1.6208500e+00
   8.9146700e+00   7.2938200e+00   3.2417000e+00
   8.9146700e+00   7.2938200e+00   4.8625500e+00
   8.9146700e+00   7.2938200e+00   6.4834000e+00
   8.9146700e+00   7.2938200e+00   8.1042500e+00
   8.9146700e+00   7.2938200e+00   9.7251000e+00
   8.9146700e+00   7.2938200e+00   1.1345900e+01
   8.9146700e+00   8.1042500e+00   8.1042500e-01
   8.9146700e+00   8.1042500e+00   4.0521200e+00
   8.9146700e+00   8.1042500e+00   7.2938200e+00
   8.9146700e+00   8.1042500e+00   1.0535500e+01
   8.9146700e+00   9.7251000e+00   8.1042500e-01
   8.9146700e+00   9.7251000e+00   4.0521200e+00
   8.9146700e+00   9.7251000e+00   7.2938200e+00
   8.9146700e+00   9.7251000e+00   1.0535500e+01
   8.9146700e+00   1.0535500e+01   0.0000000e+00
   8.9146700e+00   1.0535500e+01   1.6208500e+00
   8.9146700e+00   1.0535500e+01   3.2417000e+00
   8.9146700e+00   1.0535500e+01   4.8625500e+00
   8.9146700e+00   1.0535500e+01   6.4834000e+00
   8.9146700e+00   1.0535500e+01   8.1042500e+00
   8.9146700e+00   1.0535500e+01   9.7251000e+00
   8.9146700e+00   1.0535500e+01   1.1345900e+01
   8.9146700e+00   1.1345900e+01   8.1042500e-01
   8.9146700e+00   1.1345900e+01   4.0521200e+00
   8.9146700e+00   1.1345900e+01   7.2938200e+00
   8.9146700e+00   1.1345900e+01   1.0535500e+01
   9.7251000e+00   8.1042500e-01   2.4312700e+00
   9.7251000e+00   8.1042500e-01   5.6729700e+00
   9.7251000e+00   8.1042500e-01   8.9146700e+00
   9.7251000e+00   8.1042500e-01   1.2156400e+01
   9.7251000e+00   2.4312700e+00   8.1042500e-01
   9.7251000e+00   2.4312700e+00   4.0521200e+00
   9.7251000e+00   2.4312700e+00   7.2938200e+00
   9.7251000e+00   2.4312700e+00   1.0535500e+01
   9.7251000e+00   4.0521200e+00   2.4312700e+00
   9.7251000e+00   4.0521200e+00   5.6729700e+00
   9.7251000e+00   4.0521200e+00   8.9146700e+00
   9.7251000e+00   4.0521200e+00   1.2156400e+01
   9.7251000e+00   5.6729700e+00   8.1042500e-01
   9.7251000e+00   5.6729700e+00   4.0521200e+00
   9.7251000e+00   5.6729700e+00   7.2938200e+00
   9.7251000e+00   5.6729700e+00   1.0535500e+01
   9.7251000e+00   7.2938200e+00   2.4312700e+00
   9.7251000e+00   7.2938200e+00   5.6729700e+00
   9.7251000e+00   7.2938200e+00   8.9146700e+00
   9.7251000e+00   7.2938200e+00   1.2156400e+01
   9.7251000e+00   8.9146700e+00   8.1042500e-01
   9.7251000e+00   8.9146700e+00   4.0521200e+00
   9.7251000e+00   8.9146700e+00   7.2938200e+00
   9.7251000e+00   8.9146700e+00   1.0535500e+01
   9.7251000e+00   1.0535500e+01   2.4312700e+00
   9.7251000e+00   1.0535500e+01   5.6729700e+00
   9.7251000e+00   1.0535500e+01   8.9146700e+00
   9.7251000e+00   1.0535500e+01   1.2156400e+01
   9.7251000e+00   1.2156400e+01   8.1042500e-01
   9.7251000e+00   1.2156400e+01   4.0521200e+00
   9.7251000e+00   1.2156400e+01   7.2938200e+00
   9.7251000e+00   1.2156400e+01   1.0535500e+01
   1.0535500e+01   0.0000000e+00   2.4312700e+00
   1.0535500e+01   0.0000000e+00   5.6729700e+00
   1.0535500e+01   0.0000000e+00   8.9146700e+00
   1.0535500e+01   0.0000000e+00   1.2156400e+01
   1.0535500e+01   1.6208500e+00   2.4312700e+00
   1.0535500e+01   1.6208500e+00   5.6729700e+00
   1.0535500e+01   1.6208500e+00   8.9146700e+00
   1.0535500e+01   1.6208500e+00   1.2156400e+01
   1.0535500e+01   2.4312700e+00   0.0000000e+00
   1.0535500e+01   2.4312700e+00   1.6208500e+00
   1.0535500e+01   2.4312700e+00   3.2417000e+00
   1.0535500e+01   2.4312700e+00   4.8625500e+00
   1.0535500e+01   2.4312700e+00   6.4834000e+00
   1.0535500e+01   2.4312700e+00   8.1042500e+00
   1.0535500e+01   2.4312700e+00   9.7251000e+00
   1.0535500e+01   2.4312700e+00   1.1345900e+01
   1.0535500e+01   3.2417000e+00   2.4312700e+00
   1.0535500e+01   3.2417000e+00   5.6729700e+00
   1.0535500e+01   3.2417000e+00   8.9146700e+00
   1.0535500e+01   3.2417000e+00   1.2156400e+01
   1.0535500e+01   4.8625500e+00   2.4312700e+00
   1.0535500e+01   4.8625500e+00   5.6729700e+00
   1.0535500e+01   4.8625500e+00   8.9146700e+00
   1.0535500e+01   4.8625500e+00   1.2156400e+01
   1.0535500e+01   5.6729700e+00   0.0000000e+00
   1.0535500e+01   5.6729700e+00   1.6208500e+00
   1.0535500e+01   5.6729700e+00   3.2417000e+00
   1.0535500e+01   5.6729700e+00   4.8625500e+00
   1.0535500e+01   5.6729700e+00   6.4834000e+00
   1.0535500e+01   5.6729700e+00   8.1042500e+00
   1.0535500e+01   5.6729700e+00   9.7251000e+00
   1.0535500e+01   5.6729700e+00   1.1345900e+01
   1.0535500e+01   6.4834000e+00   2.4312700e+00
   1.0535500e+01   6.4834000e+00   5.6729700e+00
   1.0535500e+01   6.4834000e+00   8.9146700e+00
   1.0535500e+01   6.4834000e+00   1.2156400e+01
   1.0535500e+01   8.1042500e+00   2.4312700e+00
   1.0535500e+01   8.1042500e+00   5.6729700e+00
   1.0535500e+01   8.1042500e+00   8.9146700e+00
   1.0535500e+01   8.1042500e+00   1.2156400e+01
   1.0535500e+01   8.9146700e+00   0.0000000e+00
   1.0535500e+01   8.9146700e+00   1.6208500e+00
   1.0535500e+01   8.9146700e+00   3.2417000e+00
   1.0535500e+01   8.9146700e+00   4.8625500e+00
   1.0535500e+01   8.9146700e+00   6.4834000e+00
   1.0535500e+01   8.9146700e+00   8.1042500e+00
   1.0535500e+01   8.9146700e+00   9.7251000e+00
   1.0535500e+01   8.9146700e+00   1.1345900e+01
   1.0535500e+01   9.7251000e+00   2.4312700e+00
   1.0535500e+01   9.7251000e+00   5.6729700e+00
   1.0535500e+01   9.7251000e+00   8.9146700e+00
   1.0535500e+01   9.7251000e+00   1.2156400e+01
   1.0535500e+01   1.1345900e+01   2.4312700e+00
   1.0535500e+01   1.1345900e+01   5.6729700e+00
   1.0535500e+01   1.1345900e+01   8.9146700e+00
   1.0535500e+01   1.1345900e+01   1.2156400e+01
   1.0535500e+01   1.2156400e+01   0.0000000e+00
   1.0535500e+01   1.2156400e+01   1.6208500e+00
   1.0535500e+01   1.2156400e+01   3.2417000e+00
   1.0535500e+01   1.2156400e+01   4.8625500e+00
   1.0535500e+01   1.2156400e+01   6.4834000e+00
   1.0535500e+01   1.2156400e+01   8.1042500e+00
   1.0535500e+01   1.2156400e+01   9.7251000e+00
   1.0535500e+01   1.2156400e+01   1.1345900e+01
   1.1345900e+01   8.1042500e-01   2.4312700e+00
   1.1345900e+01   8.1042500e-01   5.6729700e+00
   1.1345900e+01   8.1042500e-01   8.9146700e+00
   1.1345900e+01   8.1042500e-01   1.2156400e+01
   1.1345900e+01   2.4312700e+00   8.1042500e-01
   1.1345900e+01   2.4312700e+00   4.0521200e+00
   1.1345900e+01   2.4312700e+00   7.2938200e+00
   1.1345900e+01   2.4312700e+00   1.0535500e+01
   1.1345900e+01   4.0521200e+00   2.4312700e+00
   1.1345900e+01   4.0521200e+00   5.6729700e+00
   1.1345900e+01   4.0521200e+00   8.9146700e+00
   1.1345900e+01   4.0521200e+00   1.2156400e+01
   1.1345900e+01   5.6729700e+00   8.1042500e-01
   1.1345900e+01   5.6729700e+00   4.0521200e+00
   1.1345900e+01   5.6729700e+00   7.2938200e+00
   1.1345900e+01   5.6729700e+00   1.0535500e+01
   1.1345900e+01   7.2938200e+00   2.4312700e+00
   1.1345900e+01   7.2938200e+00   5.6729700e+00
   1.1345900e+01   7.2938200e+00   8.9146700e+00
   1.1345900e+01   7.2938200e+00   1.2156400e+01
   1.1345900e+01   8.9146700e+00   8.1042500e-01
   1.1345900e+01   8.9146700e+00   4.0521200e+00
   1.1345900e+01   8.9146700e+00   7.2938200e+00
   1.1345900e+01   8.9146700e+00   1.0535500e+01
   1.1345900e+01   1.0535500e+01   2.4312700e+00
   1.1345900e+01   1.0535500e+01   5.6729700e+00
   1.1345900e+01   1.0535500e+01   8.9146700e+00
   1.1345900e+01   1.0535500e+01   1.2156400e+01
   1.1345900e+01   1.2156400e+01   8.1042500e-01
   1.1345900e+01   1.2156400e+01   4.0521200e+00
   1.1345900e+01   1.2156400e+01   7.2938200e+00
   1.1345900e+01   1.2156400e+01   1.0535500e+01
   1.2156400e+01   0.0000000e+00   8.1042500e-01
   1.2156400e+01   0.0000000e+00   4.0521200e+00
   1.2156400e+01   0.0000000e+00   7.2938200e+00
   1.2156400e+01   0.0000000e+00   1.0535500e+01
   1.2156400e+01   8.1042500e-01   0.0000000e+00
   1.2156400e+01   8.1042500e-01   1.6208500e+00
   1.2156400e+01   8.1042500e-01   3.2417000e+00
   1.2156400e+01   8.1042500e-01   4.8625500e+00
   1.2156400e+01   8.1042500e-01   6.4834000e+00
   1.2156400e+01   8.1042500e-01   8.1042500e+00
   1.2156400e+01   8.1042500e-01   9.7251000e+00
   1.2156400e+01   8.1042500e-01   1.1345900e+01
   1.2156400e+01   1.6208500e+00   8.1042500e-01
   1.2156400e+01   1.6208500e+00   4.0521200e+00
   1.2156400e+01   1.6208500e+00   7.2938200e+00
   1.2156400e+01   1.6208500e+00   1.0535500e+01
   1.2156400e+01   3.2417000e+00   8.1042500e-01
   1.2156400e+01   3.2417000e+00   4.0521200e+00
   1.2156400e+01   3.2417000e+00   7.2938200e+00
   1.2156400e+01   3.2417000e+00   1.0535500e+01
   1.2156400e+01   4.0521200e+00   0.0000000e+00
   1.2156400e+01   4.0521200e+00   1.6208500e+00
   1.2156400e+01   4.0521200e+00   3.2417000e+00
   1.2156400e+01   4.0521200e+00   4.8625500e+00
   1.2156400e+01   4.0521200e+00   6.4834000e+00
   1.2156400e+01   4.0521200e+00   8.1042500e+00
   1.2156400e+01   4.0521200e+00   9.7251000e+00
   1.2156400e+01   4.0521200e+00   1.1345900e+01
   1.2156400e+01   4.8625500e+00   8.1042500e-01
   1.2156400e+01   4.8625500e+00   4.0521200e+00
   1.2156400e+01   4.8625500e+00   7.2938200e+00
   1.2156400e+01   4.8625500e+00   1.0535500e+01
   1.2156400e+01   6.4834000e+00   8.1042500e-01
   1.2156400e+01   6.4834000e+00   4.0521200e+00
   1.2156400e+01   6.4834000e+00   7.2938200e+00
   1.2156400e+01   6.4834000e+00   1.0535500e+01
   1.2156400e+01   7.2938200e+00   0.0000000e+00
   1.2156400e+01   7.2938200e+00   1.6208500e+00
   1.2156400e+01   7.2938200e+00   3.2417000e+00
   1.2156400e+01   7.2938200e+00   4.8625500e+00
   1.2156400e+01   7.2938200e+00   6.4834000e+00
   1.2156400e+01   7.2938200e+00   8.1042500e+00
   1.2156400e+01   7.2938200e+00   9.7251000e+00
   1.2156400e+01   7.2938200e+00   1.1345900e+01
   1.2156400e+01   8.1042500e+00   8.1042500e-01
   1.2156400e+01   8.1042500e+00   4.0521200e+00
   1.2156400e+01   8.1042500e+00   7.2938200e+00
   1.2156400e+01   8.1042500e+00   1.0535500e+01
   1.2156400e+01   9.7251000e+00   8.1042500e-01
   1.2156400e+01   9.7251000e+00   4.0521200e+00
   1.2156400e+01   9.7251000e+00   7.2938200e+00
   1.2156400e+01   9.7251000e+00   1.0535500e+01
   1.2156400e+01   1.0535500e+01   0.0000000e+00
   1.2156400e+01   1.0535500e+01   1.6208500e+00
   1.2156400e+01   1.0535500e+01   3.2417000e+00
   1.2156400e+01   1.0535500e+01   4.8625500e+00
   1.2156400e+01   1.0535500e+01   6.4834000e+00
   1.2156400e+01   1.0535500e+01   8.1042500e+00
   1.2156400e+01   1.0535500e+01   9.7251000e+00
   1.2156400e+01   1.0535500e+01   1.1345900e+01
   1.2156400e+01   1.1345900e+01   8.1042500e-01
   1.2156400e+01   1.1345900e+01   4.0521200e+00
   1.2156400e+01   1.1345900e+01   7.2938200e+00
   1.2156400e+01   1.1345900e+01   1.0535500e+01
