1	33
1	37
1	710
1	711
2	34
2	38
2	712
2	713
3	35
3	39
3	714
3	715
4	36
4	40
4	709
4	716
5	41
5	42
5	717
5	721
6	43
6	44
6	718
6	722
7	45
7	46
7	719
7	723
8	47
8	48
8	720
8	724
9	49
9	53
9	726
9	727
10	50
10	54
10	728
10	729
11	51
11	55
11	730
11	731
12	52
12	56
12	725
12	732
13	57
13	58
13	733
13	737
14	59
14	60
14	734
14	738
15	61
15	62
15	735
15	739
16	63
16	64
16	736
16	740
17	65
17	69
17	742
17	743
18	66
18	70
18	744
18	745
19	67
19	71
19	746
19	747
20	68
20	72
20	741
20	748
21	73
21	74
21	749
21	753
22	75
22	76
22	750
22	754
23	77
23	78
23	751
23	755
24	79
24	80
24	752
24	756
25	81
25	85
25	758
25	759
26	82
26	86
26	760
26	761
27	83
27	87
27	762
27	763
28	84
28	88
28	757
28	764
29	89
29	90
29	705
29	765
30	91
30	92
30	706
30	766
31	93
31	94
31	707
31	767
32	95
32	96
32	708
32	768
33	90
33	91
33	97
34	92
34	93
34	98
35	94
35	95
35	99
36	89
36	96
36	100
37	42
37	43
37	97
38	44
38	45
38	98
39	46
39	47
39	99
40	41
40	48
40	100
41	52
41	101
42	49
42	101
43	49
43	102
44	50
44	102
45	50
45	103
46	51
46	103
47	51
47	104
48	52
48	104
49	105
50	106
51	107
52	108
53	58
53	59
53	105
54	60
54	61
54	106
55	62
55	63
55	107
56	57
56	64
56	108
57	68
57	109
58	65
58	109
59	65
59	110
60	66
60	110
61	66
61	111
62	67
62	111
63	67
63	112
64	68
64	112
65	113
66	114
67	115
68	116
69	74
69	75
69	113
70	76
70	77
70	114
71	78
71	79
71	115
72	73
72	80
72	116
73	84
73	117
74	81
74	117
75	81
75	118
76	82
76	118
77	82
77	119
78	83
78	119
79	83
79	120
80	84
80	120
81	121
82	122
83	123
84	124
85	90
85	91
85	121
86	92
86	93
86	122
87	94
87	95
87	123
88	89
88	96
88	124
89	125
90	125
91	126
92	126
93	127
94	127
95	128
96	128
97	134
97	135
98	136
98	137
99	138
99	139
100	133
100	140
101	141
101	145
102	142
102	146
103	143
103	147
104	144
104	148
105	150
105	151
106	152
106	153
107	154
107	155
108	149
108	156
109	157
109	161
110	158
110	162
111	159
111	163
112	160
112	164
113	166
113	167
114	168
114	169
115	170
115	171
116	165
116	172
117	173
117	177
118	174
118	178
119	175
119	179
120	176
120	180
121	182
121	183
122	184
122	185
123	186
123	187
124	181
124	188
125	129
125	189
126	130
126	190
127	131
127	191
128	132
128	192
129	133
129	134
129	221
130	135
130	136
130	222
131	137
131	138
131	223
132	139
132	140
132	224
133	141
133	196
134	141
134	193
135	142
135	193
136	142
136	194
137	143
137	194
138	143
138	195
139	144
139	195
140	144
140	196
141	197
142	198
143	199
144	200
145	149
145	150
145	197
146	151
146	152
146	198
147	153
147	154
147	199
148	155
148	156
148	200
149	157
149	204
150	157
150	201
151	158
151	201
152	158
152	202
153	159
153	202
154	159
154	203
155	160
155	203
156	160
156	204
157	205
158	206
159	207
160	208
161	165
161	166
161	205
162	167
162	168
162	206
163	169
163	170
163	207
164	171
164	172
164	208
165	173
165	212
166	173
166	209
167	174
167	209
168	174
168	210
169	175
169	210
170	175
170	211
171	176
171	211
172	176
172	212
173	213
174	214
175	215
176	216
177	181
177	182
177	213
178	183
178	184
178	214
179	185
179	186
179	215
180	187
180	188
180	216
181	189
181	220
182	189
182	217
183	190
183	217
184	190
184	218
185	191
185	218
186	191
186	219
187	192
187	219
188	192
188	220
189	221
190	222
191	223
192	224
193	225
193	229
194	226
194	230
195	227
195	231
196	228
196	232
197	233
197	234
198	235
198	236
199	237
199	238
200	239
200	240
201	241
201	245
202	242
202	246
203	243
203	247
204	244
204	248
205	249
205	250
206	251
206	252
207	253
207	254
208	255
208	256
209	257
209	261
210	258
210	262
211	259
211	263
212	260
212	264
213	265
213	266
214	267
214	268
215	269
215	270
216	271
216	272
217	273
217	277
218	274
218	278
219	275
219	279
220	276
220	280
221	281
221	282
222	283
222	284
223	285
223	286
224	287
224	288
225	282
225	283
225	289
226	284
226	285
226	290
227	286
227	287
227	291
228	281
228	288
228	292
229	234
229	235
229	289
230	236
230	237
230	290
231	238
231	239
231	291
232	233
232	240
232	292
233	244
233	293
234	241
234	293
235	241
235	294
236	242
236	294
237	242
237	295
238	243
238	295
239	243
239	296
240	244
240	296
241	297
242	298
243	299
244	300
245	250
245	251
245	297
246	252
246	253
246	298
247	254
247	255
247	299
248	249
248	256
248	300
249	260
249	301
250	257
250	301
251	257
251	302
252	258
252	302
253	258
253	303
254	259
254	303
255	259
255	304
256	260
256	304
257	305
258	306
259	307
260	308
261	266
261	267
261	305
262	268
262	269
262	306
263	270
263	271
263	307
264	265
264	272
264	308
265	276
265	309
266	273
266	309
267	273
267	310
268	274
268	310
269	274
269	311
270	275
270	311
271	275
271	312
272	276
272	312
273	313
274	314
275	315
276	316
277	282
277	283
277	313
278	284
278	285
278	314
279	286
279	287
279	315
280	281
280	288
280	316
281	317
282	317
283	318
284	318
285	319
286	319
287	320
288	320
289	326
289	327
290	328
290	329
291	330
291	331
292	325
292	332
293	333
293	337
294	334
294	338
295	335
295	339
296	336
296	340
297	342
297	343
298	344
298	345
299	346
299	347
300	341
300	348
301	349
301	353
302	350
302	354
303	351
303	355
304	352
304	356
305	358
305	359
306	360
306	361
307	362
307	363
308	357
308	364
309	365
309	369
310	366
310	370
311	367
311	371
312	368
312	372
313	374
313	375
314	376
314	377
315	378
315	379
316	373
316	380
317	321
317	381
318	322
318	382
319	323
319	383
320	324
320	384
321	325
321	326
321	413
322	327
322	328
322	414
323	329
323	330
323	415
324	331
324	332
324	416
325	333
325	388
326	333
326	385
327	334
327	385
328	334
328	386
329	335
329	386
330	335
330	387
331	336
331	387
332	336
332	388
333	389
334	390
335	391
336	392
337	341
337	342
337	389
338	343
338	344
338	390
339	345
339	346
339	391
340	347
340	348
340	392
341	349
341	396
342	349
342	393
343	350
343	393
344	350
344	394
345	351
345	394
346	351
346	395
347	352
347	395
348	352
348	396
349	397
350	398
351	399
352	400
353	357
353	358
353	397
354	359
354	360
354	398
355	361
355	362
355	399
356	363
356	364
356	400
357	365
357	404
358	365
358	401
359	366
359	401
360	366
360	402
361	367
361	402
362	367
362	403
363	368
363	403
364	368
364	404
365	405
366	406
367	407
368	408
369	373
369	374
369	405
370	375
370	376
370	406
371	377
371	378
371	407
372	379
372	380
372	408
373	381
373	412
374	381
374	409
375	382
375	409
376	382
376	410
377	383
377	410
378	383
378	411
379	384
379	411
380	384
380	412
381	413
382	414
383	415
384	416
385	417
385	421
386	418
386	422
387	419
387	423
388	420
388	424
389	425
389	426
390	427
390	428
391	429
391	430
392	431
392	432
393	433
393	437
394	434
394	438
395	435
395	439
396	436
396	440
397	441
397	442
398	443
398	444
399	445
399	446
400	447
400	448
401	449
401	453
402	450
402	454
403	451
403	455
404	452
404	456
405	457
405	458
406	459
406	460
407	461
407	462
408	463
408	464
409	465
409	469
410	466
410	470
411	467
411	471
412	468
412	472
413	473
413	474
414	475
414	476
415	477
415	478
416	479
416	480
417	474
417	475
417	481
418	476
418	477
418	482
419	478
419	479
419	483
420	473
420	480
420	484
421	426
421	427
421	481
422	428
422	429
422	482
423	430
423	431
423	483
424	425
424	432
424	484
425	436
425	485
426	433
426	485
427	433
427	486
428	434
428	486
429	434
429	487
430	435
430	487
431	435
431	488
432	436
432	488
433	489
434	490
435	491
436	492
437	442
437	443
437	489
438	444
438	445
438	490
439	446
439	447
439	491
440	441
440	448
440	492
441	452
441	493
442	449
442	493
443	449
443	494
444	450
444	494
445	450
445	495
446	451
446	495
447	451
447	496
448	452
448	496
449	497
450	498
451	499
452	500
453	458
453	459
453	497
454	460
454	461
454	498
455	462
455	463
455	499
456	457
456	464
456	500
457	468
457	501
458	465
458	501
459	465
459	502
460	466
460	502
461	466
461	503
462	467
462	503
463	467
463	504
464	468
464	504
465	505
466	506
467	507
468	508
469	474
469	475
469	505
470	476
470	477
470	506
471	478
471	479
471	507
472	473
472	480
472	508
473	509
474	509
475	510
476	510
477	511
478	511
479	512
480	512
481	518
481	519
482	520
482	521
483	522
483	523
484	517
484	524
485	525
485	529
486	526
486	530
487	527
487	531
488	528
488	532
489	534
489	535
490	536
490	537
491	538
491	539
492	533
492	540
493	541
493	545
494	542
494	546
495	543
495	547
496	544
496	548
497	550
497	551
498	552
498	553
499	554
499	555
500	549
500	556
501	557
501	561
502	558
502	562
503	559
503	563
504	560
504	564
505	566
505	567
506	568
506	569
507	570
507	571
508	565
508	572
509	513
509	573
510	514
510	574
511	515
511	575
512	516
512	576
513	517
513	518
513	605
514	519
514	520
514	606
515	521
515	522
515	607
516	523
516	524
516	608
517	525
517	580
518	525
518	577
519	526
519	577
520	526
520	578
521	527
521	578
522	527
522	579
523	528
523	579
524	528
524	580
525	581
526	582
527	583
528	584
529	533
529	534
529	581
530	535
530	536
530	582
531	537
531	538
531	583
532	539
532	540
532	584
533	541
533	588
534	541
534	585
535	542
535	585
536	542
536	586
537	543
537	586
538	543
538	587
539	544
539	587
540	544
540	588
541	589
542	590
543	591
544	592
545	549
545	550
545	589
546	551
546	552
546	590
547	553
547	554
547	591
548	555
548	556
548	592
549	557
549	596
550	557
550	593
551	558
551	593
552	558
552	594
553	559
553	594
554	559
554	595
555	560
555	595
556	560
556	596
557	597
558	598
559	599
560	600
561	565
561	566
561	597
562	567
562	568
562	598
563	569
563	570
563	599
564	571
564	572
564	600
565	573
565	604
566	573
566	601
567	574
567	601
568	574
568	602
569	575
569	602
570	575
570	603
571	576
571	603
572	576
572	604
573	605
574	606
575	607
576	608
577	609
577	613
578	610
578	614
579	611
579	615
580	612
580	616
581	617
581	618
582	619
582	620
583	621
583	622
584	623
584	624
585	625
585	629
586	626
586	630
587	627
587	631
588	628
588	632
589	633
589	634
590	635
590	636
591	637
591	638
592	639
592	640
593	641
593	645
594	642
594	646
595	643
595	647
596	644
596	648
597	649
597	650
598	651
598	652
599	653
599	654
600	655
600	656
601	657
601	661
602	658
602	662
603	659
603	663
604	660
604	664
605	665
605	666
606	667
606	668
607	669
607	670
608	671
608	672
609	666
609	667
609	673
610	668
610	669
610	674
611	670
611	671
611	675
612	665
612	672
612	676
613	618
613	619
613	673
614	620
614	621
614	674
615	622
615	623
615	675
616	617
616	624
616	676
617	628
617	677
618	625
618	677
619	625
619	678
620	626
620	678
621	626
621	679
622	627
622	679
623	627
623	680
624	628
624	680
625	681
626	682
627	683
628	684
629	634
629	635
629	681
630	636
630	637
630	682
631	638
631	639
631	683
632	633
632	640
632	684
633	644
633	685
634	641
634	685
635	641
635	686
636	642
636	686
637	642
637	687
638	643
638	687
639	643
639	688
640	644
640	688
641	689
642	690
643	691
644	692
645	650
645	651
645	689
646	652
646	653
646	690
647	654
647	655
647	691
648	649
648	656
648	692
649	660
649	693
650	657
650	693
651	657
651	694
652	658
652	694
653	658
653	695
654	659
654	695
655	659
655	696
656	660
656	696
657	697
658	698
659	699
660	700
661	666
661	667
661	697
662	668
662	669
662	698
663	670
663	671
663	699
664	665
664	672
664	700
665	701
666	701
667	702
668	702
669	703
670	703
671	704
672	704
673	710
673	711
674	712
674	713
675	714
675	715
676	709
676	716
677	717
677	721
678	718
678	722
679	719
679	723
680	720
680	724
681	726
681	727
682	728
682	729
683	730
683	731
684	725
684	732
685	733
685	737
686	734
686	738
687	735
687	739
688	736
688	740
689	742
689	743
690	744
690	745
691	746
691	747
692	741
692	748
693	749
693	753
694	750
694	754
695	751
695	755
696	752
696	756
697	758
697	759
698	760
698	761
699	762
699	763
700	757
700	764
701	705
701	765
702	706
702	766
703	707
703	767
704	708
704	768
705	709
705	710
706	711
706	712
707	713
707	714
708	715
708	716
709	717
710	717
711	718
712	718
713	719
714	719
715	720
716	720
721	725
721	726
722	727
722	728
723	729
723	730
724	731
724	732
725	733
726	733
727	734
728	734
729	735
730	735
731	736
732	736
737	741
737	742
738	743
738	744
739	745
739	746
740	747
740	748
741	749
742	749
743	750
744	750
745	751
746	751
747	752
748	752
753	757
753	758
754	759
754	760
755	761
755	762
756	763
756	764
757	765
758	765
759	766
760	766
761	767
762	767
763	768
764	768
